#define _CRT_SECURE_NO_WARNINGS
#include<stdio.h>
int main() {
	int i = -20;
	unsigned int j = 10;
	//1111 1111 1111 1111 1111 1111 1111 1111 1111 1111 1111 1111 1111 1111 1110 1100¡ª¡ª²¹Âë-20
	//0000 0000 0000 0000 0000 0000 0000 0000 0000 0000 0000 0000 0000 0000 0000 1010¡ª¡ª²¹Âë10
	//1111 1111 1111 1111 1111 1111 1111 1111 1111 1111 1111 1111 1111 1111 1111 0110¡ª¡ª²¹Âë-10
	//1111 1111 1111 1111 1111 1111 1111 1111 1111 1111 1111 1111 1111 1111 1111 0101¡ª¡ª·´Âë
	//1000 0000 0000 0000 0000 0000 0000 0000 0000 0000 0000 0000 0000 0000 0000 1010¡ª¡ªÔ­Âë-10
	printf("%d\n", i + j);
	return 0;
}